<?xml version="1.0"?>
<opencv_storage>
<calibration_time>"04/19/16 22:04:34"</calibration_time>
<nr_of_frames>25</nr_of_frames>
<image_width>1920</image_width>
<image_height>1080</image_height>
<board_width>6</board_width>
<board_height>4</board_height>
<square_size>33.</square_size>
<fix_aspect_ratio>1.</fix_aspect_ratio>
<!-- flags: +fix_aspectRatio +fix_principal_point +zero_tangent_dist -->
<flags>6158</flags>
<fisheye_model>0</fisheye_model>
<camera_matrix type_id="opencv-matrix">
  <rows>3</rows>
  <cols>3</cols>
  <dt>d</dt>
  <data>
    1.5925352635080883e+003 0. 9.5950000000000000e+002 0.
    1.5925352635080883e+003 5.3950000000000000e+002 0. 0. 1.</data></camera_matrix>
<distortion_coefficients type_id="opencv-matrix">
  <rows>5</rows>
  <cols>1</cols>
  <dt>d</dt>
  <data>
    5.2279322556598770e-002 1.3758084400472017e+000 0. 0.
    -9.7781917458974714e+000</data></distortion_coefficients>
<avg_reprojection_error>4.0786222130268041e-001</avg_reprojection_error>
<per_view_reprojection_errors type_id="opencv-matrix">
  <rows>25</rows>
  <cols>1</cols>
  <dt>f</dt>
  <data>
    2.72722960e-001 4.29286510e-001 3.55291158e-001 3.15620363e-001
    3.62905830e-001 3.40535820e-001 3.40785295e-001 4.52451855e-001
    5.42376518e-001 4.86512125e-001 3.87573302e-001 3.90075147e-001
    3.71462971e-001 3.18107098e-001 2.83152640e-001 3.24699908e-001
    3.44494313e-001 3.29796940e-001 3.78298700e-001 4.04353589e-001
    4.81997311e-001 5.29068649e-001 5.75381219e-001 6.08886123e-001
    3.15672517e-001</data></per_view_reprojection_errors>
<extrinsic_parameters type_id="opencv-matrix">
  <rows>25</rows>
  <cols>6</cols>
  <dt>d</dt>
  <data>
    1.3299933095513733e-001 -6.2109528410612923e-002
    5.7629565082454155e-002 -5.4815335408711796e+001
    -7.4195567206102837e+001 4.1813321688394461e+002
    1.2932773436015024e-001 -6.5936998896362370e-002
    5.6959177845476557e-002 -5.4977483946418012e+001
    -7.7162219201370945e+001 4.1743252382037844e+002
    1.2344661890134055e-001 -6.8031208927805176e-002
    5.6571464423839063e-002 -5.5053148128091550e+001
    -7.7152631361726208e+001 4.1846524461657378e+002
    1.2387517640863896e-001 -6.5597362630777534e-002
    5.6493424123485944e-002 -5.5106782790946561e+001
    -7.7214016149731066e+001 4.1895610468835935e+002
    1.1944947399611046e-001 -6.6898946153441163e-002
    5.5948732078254175e-002 -5.5269776419280227e+001
    -7.8445683938232662e+001 4.1997968033334939e+002
    9.2272153590051864e-002 -5.2631724434797182e-002
    5.4362294302161149e-002 -5.5943241632782886e+001
    -7.9035440767643394e+001 4.2729802654793832e+002
    1.1169687476352493e-001 -4.5585283857914778e-002
    5.5137723328168707e-002 -5.5775971471005306e+001
    -7.7882172442556808e+001 4.2145838594923180e+002
    1.4441426445817909e-001 3.6023669985771070e-002
    5.1177048081451668e-002 -5.9625983111496872e+001
    -7.6751325024858247e+001 4.1748542601132317e+002
    1.3555331084227648e-001 9.6851855177551266e-002
    4.8887079407059233e-002 -6.2218092019328687e+001
    -7.6981997356472050e+001 4.2271014617053743e+002
    1.0962962324656696e-001 2.4461979110892737e-001
    4.5147737331414362e-002 -6.6081453445175526e+001
    -7.7881451696948616e+001 4.3464149022079238e+002
    8.5782957848949307e-002 3.9848909778660507e-001
    4.4841384724389616e-002 -6.8686988258266013e+001
    -7.8540507332750039e+001 4.4633238250506452e+002
    8.1728448286211411e-002 3.6734792508859998e-001
    4.6238584649700466e-002 -6.7936410642758659e+001
    -7.8839450886781705e+001 4.4615360418007174e+002
    1.1962835078852538e-001 2.5449716732479011e-001
    4.2827670920251470e-002 -6.9044130224853362e+001
    -7.7613631253413345e+001 4.3346343236646123e+002
    1.8568406501868706e-001 6.2148614606215784e-002
    4.9205963548723551e-002 -6.7233872494537366e+001
    -7.5418510168878043e+001 4.1200788094418772e+002
    1.9208071391846923e-001 -8.6452857945705369e-002
    6.2672788612614924e-002 -6.5083623656359393e+001
    -7.5467111534659082e+001 3.9381126271849968e+002
    1.2255892150216094e-001 -2.9863292684817450e-001
    6.9478835487579299e-002 -5.7731569600206399e+001
    -7.7396475166162006e+001 3.6375239653116239e+002
    1.1175843669226554e-001 -4.1559360487472718e-001
    7.3455526450005998e-002 -5.1171947399569831e+001
    -7.7269819692699798e+001 3.4337019646025692e+002
    1.2280146962835613e-001 -4.2375435671517436e-001
    7.4316604583630611e-002 -5.0160191455394589e+001
    -7.7131417999887134e+001 3.3998537091762603e+002
    1.3787638550206341e-001 -4.4568472461489556e-001
    7.8344764631959468e-002 -4.7248337734076443e+001
    -7.7483541111527117e+001 3.3317725500857938e+002
    8.2195935545069015e-002 -5.5032122803894989e-001
    6.9161703417977560e-002 -4.4044575243586870e+001
    -7.9489795542955648e+001 3.1322421514843575e+002
    4.2780433279437403e-002 -5.5626261719102776e-001
    5.8463566807850864e-002 -4.4845377254128415e+001
    -8.0239105002860313e+001 3.1128869737264301e+002
    3.3465843837039828e-002 -4.2088754900372055e-001
    5.4940547788643060e-002 -4.9495820108518366e+001
    -8.0414177641895023e+001 3.1937295734607386e+002
    1.2507249619848346e-002 -2.0058495523191250e-001
    5.2787507686737005e-002 -5.8613865627080315e+001
    -8.0992179092844822e+001 3.3758977003600199e+002
    3.6223902333831146e-002 -5.3593203032148366e-002
    5.8785700164286137e-002 -6.8093823822282943e+001
    -8.1886150190296703e+001 3.5042641254491423e+002
    5.5302233783848527e-002 -2.0629282077804033e-002
    6.0860256927336334e-002 -6.8707568336437106e+001
    -8.2635653552319084e+001 3.5801899497887172e+002</data></extrinsic_parameters>
